[Viktor]
0 56 396
-1 -1 -1
[Little-Block]
0 903 152
1 935 152
2 1988 282
3 999 152
4 1031 152
5 1956 282
6 691 211
7 723 211
8 1924 282
9 787 211
10 1491 116
11 1181 95
12 1213 95
13 1828 282
14 1277 95
15 1193 281
16 1225 281
17 1257 281
18 1511 304
19 1330 304
20 1796 282
-1 -1 -1
[Big-Block]
0 443 336
1 507 336
2 571 336
3 635 336
4 699 336
5 763 336
6 827 336
7 1078 336
8 1341 336
9 1405 336
10 1469 336
11 1431 149
12 1367 149
13 1303 149
14 2361 207
15 2425 207
16 2361 271
17 2361 143
18 2361 79
19 2361 15
20 2361 207
21 2604 332
22 2604 268
23 2604 204
24 2604 140
25 2604 12
26 2540 332
27 2604 76
28 2538 76
-1 -1 -1
[Flying-Enemy]
0 773 100
1 600 150
2 1200 184
3 900 189
-1 -1 -1
[Ground-Enemy]
0 847 345
1 520 200
2 1000 200
3 965 200
4 700 200
-1 -1 -1
[HungrySailor]
0 100 100
-1 -1 -1
[LightHouse-Keeper]
0 200 200
-1 -1 -1
[End]